******************************************
******************************************
NF = 40, M = 20, Nimp = 2
******************************************
[[-0.75   0.     0.    ...  0.     0.     0.   ]
 [ 0.    -0.75   0.    ...  0.     0.     0.   ]
 [ 0.     0.    -0.75  ...  0.     0.057  0.   ]
 ...
 [ 0.     0.     0.    ...  0.667  0.     0.   ]
 [ 0.     0.     0.057 ...  0.     0.889  0.   ]
 [ 0.     0.     0.    ...  0.     0.     0.889]]
************
[[-0.75   0.     0.057  0.073  0.08   0.083  0.084  0.083  0.08   0.073  0.057  0.     0.     0.     0.     0.     0.     0.     0.     0.   ]
 [ 0.    -0.75   0.     0.     0.     0.     0.     0.     0.     0.     0.     0.057  0.073  0.08   0.083  0.084  0.083  0.08   0.073  0.057]
 [ 0.057  0.    -0.889  0.     0.     0.     0.     0.     0.     0.     0.     0.     0.     0.     0.     0.     0.     0.     0.     0.   ]
 [ 0.073  0.     0.    -0.667  0.     0.     0.     0.     0.     0.     0.     0.     0.     0.     0.     0.     0.     0.     0.     0.   ]
 [ 0.08   0.     0.     0.    -0.444  0.     0.     0.     0.     0.     0.     0.     0.     0.     0.     0.     0.     0.     0.     0.   ]
 [ 0.083  0.     0.     0.     0.    -0.222  0.     0.     0.     0.     0.     0.     0.     0.     0.     0.     0.     0.     0.     0.   ]
 [ 0.084  0.     0.     0.     0.     0.    -0.     0.     0.     0.     0.     0.     0.     0.     0.     0.     0.     0.     0.     0.   ]
 [ 0.083  0.     0.     0.     0.     0.     0.     0.222  0.     0.     0.     0.     0.     0.     0.     0.     0.     0.     0.     0.   ]
 [ 0.08   0.     0.     0.     0.     0.     0.     0.     0.444  0.     0.     0.     0.     0.     0.     0.     0.     0.     0.     0.   ]
 [ 0.073  0.     0.     0.     0.     0.     0.     0.     0.     0.667  0.     0.     0.     0.     0.     0.     0.     0.     0.     0.   ]
 [ 0.057  0.     0.     0.     0.     0.     0.     0.     0.     0.     0.889  0.     0.     0.     0.     0.     0.     0.     0.     0.   ]
 [ 0.     0.057  0.     0.     0.     0.     0.     0.     0.     0.     0.    -0.889  0.     0.     0.     0.     0.     0.     0.     0.   ]
 [ 0.     0.073  0.     0.     0.     0.     0.     0.     0.     0.     0.     0.    -0.667  0.     0.     0.     0.     0.     0.     0.   ]
 [ 0.     0.08   0.     0.     0.     0.     0.     0.     0.     0.     0.     0.     0.    -0.444  0.     0.     0.     0.     0.     0.   ]
 [ 0.     0.083  0.     0.     0.     0.     0.     0.     0.     0.     0.     0.     0.     0.    -0.222  0.     0.     0.     0.     0.   ]
 [ 0.     0.084  0.     0.     0.     0.     0.     0.     0.     0.     0.     0.     0.     0.     0.    -0.     0.     0.     0.     0.   ]
 [ 0.     0.083  0.     0.     0.     0.     0.     0.     0.     0.     0.     0.     0.     0.     0.     0.     0.222  0.     0.     0.   ]
 [ 0.     0.08   0.     0.     0.     0.     0.     0.     0.     0.     0.     0.     0.     0.     0.     0.     0.     0.444  0.     0.   ]
 [ 0.     0.073  0.     0.     0.     0.     0.     0.     0.     0.     0.     0.     0.     0.     0.     0.     0.     0.     0.667  0.   ]
 [ 0.     0.057  0.     0.     0.     0.     0.     0.     0.     0.     0.     0.     0.     0.     0.     0.     0.     0.     0.     0.889]]
U((0, 0, 0, 0)) = (0.5+0j)
setting to 0
U((0, 1, 0, 1)) = (0.5+0j)
U((0, 20, 0, 20)) = (0.5+0j)
U((0, 21, 0, 21)) = (0.5+0j)
U((1, 0, 1, 0)) = (0.5+0j)
U((1, 1, 1, 1)) = (0.5+0j)
setting to 0
U((1, 20, 1, 20)) = (0.5+0j)
U((1, 21, 1, 21)) = (0.5+0j)
U((20, 0, 20, 0)) = (0.5+0j)
U((20, 1, 20, 1)) = (0.5+0j)
U((20, 20, 20, 20)) = (0.5+0j)
setting to 0
U((20, 21, 20, 21)) = (0.5+0j)
U((21, 0, 21, 0)) = (0.5+0j)
U((21, 1, 21, 1)) = (0.5+0j)
U((21, 20, 21, 20)) = (0.5+0j)
U((21, 21, 21, 21)) = (0.5+0j)
setting to 0
h0_0 size:  (40, 40)
U_0 size:  (40, 40, 40, 40)
Going with Nelec_imp = 2, nbath = 18, Nelec = 20
imp_indices_full = [0, 1, 20, 21]
h0_0 = 
[[-0.75   0.     0.057 ...  0.     0.     0.   ]
 [ 0.    -0.75   0.    ...  0.     0.     0.   ]
 [ 0.057  0.    -0.889 ...  0.     0.     0.   ]
 ...
 [ 0.     0.     0.    ...  0.444  0.     0.   ]
 [ 0.     0.     0.    ...  0.     0.667  0.   ]
 [ 0.     0.     0.    ...  0.     0.     0.889]]


--------------------------------------------------------------
Mean-Field Self-Consistent Procedure with block handling
--------------------------------------------------------------
[V1] mfscf proc with Ne=20, maxiter=100, alpha=0.2, threshold=1e-07, spinsym_only = False
[V1] Symmetry analysis found 4 blocks.
[V1] Found 1 unique groups of blocks.
[V1] Blocks: [[0, 2, 3, 4, 5, 6, 7, 8, 9, 10], [1, 11, 12, 13, 14, 15, 16, 17, 18, 19], [20, 22, 23, 24, 25, 26, 27, 28, 29, 30], [21, 31, 32, 33, 34, 35, 36, 37, 38, 39]]
[V1] Identical Groups (by block index): [[0, 1, 2, 3]]
[V1] iter 0, Tr(rho*h0) = -9.79831249
[V1] Ne = 20, initial tr(rho) = 20.00000000+0.00000000j
[V1] mixing parameter: α = 0.2
[V2] Number of non-zero U elements: 12
[V1] Iter         E_total          E_corr        ΔE_total
[V2] U is sparse, using nzU
[V1]    1     -7.02196465     -2.77634783      1.0070e+03
[V1]   10     -8.11482629     -0.60903092      1.9725e-02
[V1]   20     -8.18525604     -0.60883149      2.1180e-03
[V1]   30     -8.19281838     -0.60883149      2.2742e-04
[V1]   40     -8.19363038     -0.60883149      2.4419e-05
[V1]   50     -8.19371757     -0.60883149      2.6220e-06
[V1]   60     -8.19372693     -0.60883149      2.8153e-07
[V1] Converged in 65 iterations.
[V1] Final tr(rho) = 20.00000000+0.00000000j
[V2] Reordering final eigenvectors to spin-blocked convention...
hmf = 
[[-0.074  0.     0.057 ...  0.     0.     0.   ]
 [ 0.    -0.074  0.    ...  0.     0.     0.   ]
 [ 0.057  0.    -0.889 ...  0.     0.     0.   ]
 ...
 [ 0.     0.     0.    ...  0.444  0.     0.   ]
 [ 0.     0.     0.    ...  0.     0.667  0.   ]
 [ 0.     0.     0.    ...  0.     0.     0.889]]
DEBUG, Nimp_sf = 4
hmf_ab = 
[[-0.074+0.j  0.   +0.j  0.   +0.j ...  0.   +0.j  0.   +0.j  0.   +0.j]
 [ 0.   +0.j -0.074+0.j  0.   +0.j ...  0.   +0.j  0.   +0.j  0.   +0.j]
 [ 0.   +0.j  0.   +0.j -0.074+0.j ...  0.   +0.j  0.057+0.j  0.   +0.j]
 ...
 [ 0.   +0.j  0.   +0.j  0.   +0.j ...  0.667+0.j  0.   +0.j  0.   +0.j]
 [ 0.   +0.j  0.   +0.j  0.057+0.j ...  0.   +0.j  0.889+0.j  0.   +0.j]
 [ 0.   +0.j  0.   +0.j  0.   +0.j ...  0.   +0.j  0.   +0.j  0.889+0.j]]

--- Analyzed Structure ---
Found 4 blocks
Blocks: [[0, 4, 6, 8, 10, 12, 14, 16, 18, 20], [1, 5, 7, 9, 11, 13, 15, 17, 19, 21], [2, 22, 24, 26, 28, 30, 32, 34, 36, 38], [3, 23, 25, 27, 29, 31, 33, 35, 37, 39]]
Identical Groups (by block index): [[0, 1, 2, 3]]
[blocks] 4 blocks; identical groups: [[0, 1, 2, 3]]
[check] Tr rho = 20.000000000000, sum blocks = 20.000000000000, Nelec = 20
[leader block 0] size=10 Nimp_b=1 Nelec_b=5
DEBUG: C1 = 
[[ 1.     0.     0.     0.     0.     0.     0.     0.     0.     0.   ]
 [ 0.    -0.04  -0.261  0.265 -0.927  0.012 -0.004 -0.     0.    -0.   ]
 [ 0.    -0.066  0.884 -0.317 -0.336 -0.028 -0.009 -0.     0.001 -0.   ]
 [ 0.    -0.102 -0.389 -0.903 -0.145 -0.043 -0.017 -0.001  0.002 -0.   ]
 [ 0.    -0.184 -0.012  0.071  0.02  -0.979 -0.042 -0.005  0.008 -0.001]
 [ 0.    -0.895 -0.005  0.09   0.07   0.193 -0.353 -0.088  0.13  -0.011]
 [ 0.    -0.309 -0.002  0.021  0.018  0.033  0.452  0.565 -0.599 -0.144]
 [ 0.    -0.183 -0.001  0.009  0.009  0.013  0.535 -0.556 -0.165  0.586]
 [ 0.    -0.122 -0.001  0.005  0.005  0.006  0.506  0.361  0.771  0.06 ]
 [ 0.    -0.075 -0.     0.003  0.003  0.003  0.355 -0.483  0.043 -0.795]]
DEBUG: C2 = 
[[1. 0. 0. 0. 0. 0. 0. 0. 0. 0.]
 [0. 1. 0. 0. 0. 0. 0. 0. 0. 0.]
 [0. 0. 1. 0. 0. 0. 0. 0. 0. 0.]
 [0. 0. 0. 1. 0. 0. 0. 0. 0. 0.]
 [0. 0. 0. 0. 1. 0. 0. 0. 0. 0.]
 [0. 0. 0. 0. 0. 1. 0. 0. 0. 0.]
 [0. 0. 0. 0. 0. 0. 1. 0. 0. 0.]
 [0. 0. 0. 0. 0. 0. 0. 1. 0. 0.]
 [0. 0. 0. 0. 0. 0. 0. 0. 1. 0.]
 [0. 0. 0. 0. 0. 0. 0. 0. 0. 1.]]
DEBUG: C3 = 
[[-0.813  0.582  0.     0.     0.     0.     0.     0.     0.     0.   ]
 [-0.582 -0.813  0.     0.     0.     0.     0.     0.     0.     0.   ]
 [ 0.     0.     1.     0.     0.     0.     0.     0.     0.     0.   ]
 [ 0.     0.     0.     1.     0.     0.     0.     0.     0.     0.   ]
 [ 0.     0.     0.     0.     1.     0.     0.     0.     0.     0.   ]
 [ 0.     0.     0.     0.     0.     1.     0.     0.     0.     0.   ]
 [ 0.     0.     0.     0.     0.     0.     1.     0.     0.     0.   ]
 [ 0.     0.     0.     0.     0.     0.     0.     1.     0.     0.   ]
 [ 0.     0.     0.     0.     0.     0.     0.     0.     1.     0.   ]
 [ 0.     0.     0.     0.     0.     0.     0.     0.     0.     1.   ]]
DEBUG: C4 = 
[[ 1.     0.     0.     0.     0.     0.     0.     0.     0.     0.   ]
 [ 0.     1.     0.     0.     0.     0.     0.     0.     0.     0.   ]
 [ 0.     0.    -0.136  0.189  0.328 -0.915  0.     0.     0.     0.   ]
 [ 0.     0.     0.522  0.211 -0.767 -0.309  0.     0.     0.     0.   ]
 [ 0.     0.     0.647 -0.688  0.303 -0.129  0.     0.     0.     0.   ]
 [ 0.     0.     0.539  0.668  0.461  0.223  0.     0.     0.     0.   ]
 [ 0.     0.     0.     0.     0.     0.     0.993 -0.12  -0.008 -0.012]
 [ 0.     0.     0.     0.     0.     0.    -0.064 -0.454  0.138 -0.878]
 [ 0.     0.     0.     0.     0.     0.     0.072  0.683 -0.572 -0.449]
 [ 0.     0.     0.     0.     0.     0.    -0.072 -0.559 -0.809  0.167]]
DEBUG: C_total = 
[[-0.813  0.582  0.     0.     0.     0.     0.     0.     0.     0.   ]
 [ 0.023  0.033 -0.42   0.653 -0.564  0.279 -0.004  0.001 -0.     0.   ]
 [ 0.038  0.054 -0.518  0.313  0.419 -0.674 -0.008  0.002 -0.     0.   ]
 [ 0.059  0.083 -0.536 -0.193  0.501  0.644 -0.016  0.004 -0.001  0.   ]
 [ 0.107  0.15  -0.477 -0.655 -0.504 -0.232 -0.041  0.014 -0.004  0.001]
 [ 0.52   0.728  0.197  0.099  0.04   0.011 -0.334  0.178 -0.075  0.022]
 [ 0.18   0.251  0.041  0.013  0.004  0.001  0.379 -0.639  0.533 -0.256]
 [ 0.107  0.149  0.018  0.004  0.001  0.     0.513 -0.252 -0.461  0.654]
 [ 0.071  0.099  0.009  0.002  0.     0.     0.531  0.269 -0.443 -0.66 ]
 [ 0.044  0.061  0.005  0.001  0.     0.     0.444  0.651  0.549  0.268]]
DEBUG: C_total_restored = 
[[ 1.     0.     0.     0.     0.     0.     0.     0.     0.     0.   ]
 [ 0.    -0.04  -0.42   0.653 -0.564  0.279 -0.004  0.001 -0.     0.   ]
 [ 0.    -0.066 -0.518  0.313  0.419 -0.674 -0.008  0.002 -0.     0.   ]
 [-0.    -0.102 -0.536 -0.193  0.501  0.644 -0.016  0.004 -0.001  0.   ]
 [ 0.    -0.184 -0.477 -0.655 -0.504 -0.232 -0.041  0.014 -0.004  0.001]
 [-0.    -0.895  0.197  0.099  0.04   0.011 -0.334  0.178 -0.075  0.022]
 [-0.    -0.309  0.041  0.013  0.004  0.001  0.379 -0.639  0.533 -0.256]
 [-0.    -0.183  0.018  0.004  0.001  0.     0.513 -0.252 -0.461  0.654]
 [-0.    -0.122  0.009  0.002  0.     0.     0.531  0.269 -0.443 -0.66 ]
 [-0.    -0.075  0.005  0.001  0.     0.     0.444  0.651  0.549  0.268]]
h_block_final:
[[-0.074 -0.159 -0.121 -0.     0.     0.     0.103  0.     0.    -0.   ]
 [-0.159  0.035 -0.087  0.    -0.    -0.    -0.143  0.     0.     0.   ]
 [-0.121 -0.087 -0.513  0.236 -0.     0.     0.     0.     0.     0.   ]
 [-0.     0.     0.236 -0.556  0.21  -0.    -0.    -0.    -0.     0.   ]
 [ 0.    -0.    -0.     0.21  -0.568  0.159  0.    -0.     0.     0.   ]
 [ 0.    -0.     0.    -0.     0.159 -0.568  0.     0.    -0.    -0.   ]
 [ 0.103 -0.143  0.    -0.     0.     0.     0.512  0.241 -0.    -0.   ]
 [ 0.     0.     0.    -0.    -0.     0.     0.241  0.544  0.214  0.   ]
 [ 0.     0.     0.    -0.     0.    -0.     0.     0.214  0.556  0.161]
 [-0.     0.     0.     0.     0.    -0.    -0.     0.     0.161  0.558]]
C_block:
[[ 1.     0.     0.     0.     0.     0.     0.     0.     0.     0.   ]
 [ 0.    -0.04  -0.42   0.653 -0.564  0.279 -0.004  0.001 -0.     0.   ]
 [ 0.    -0.066 -0.518  0.313  0.419 -0.674 -0.008  0.002 -0.     0.   ]
 [-0.    -0.102 -0.536 -0.193  0.501  0.644 -0.016  0.004 -0.001  0.   ]
 [ 0.    -0.184 -0.477 -0.655 -0.504 -0.232 -0.041  0.014 -0.004  0.001]
 [-0.    -0.895  0.197  0.099  0.04   0.011 -0.334  0.178 -0.075  0.022]
 [-0.    -0.309  0.041  0.013  0.004  0.001  0.379 -0.639  0.533 -0.256]
 [-0.    -0.183  0.018  0.004  0.001  0.     0.513 -0.252 -0.461  0.654]
 [-0.    -0.122  0.009  0.002  0.     0.     0.531  0.269 -0.443 -0.66 ]
 [-0.    -0.075  0.005  0.001  0.     0.     0.444  0.651  0.549  0.268]]
[sanity] ||h_final - C^† h C|| / ||h|| = 0.000e+00
hdc_ab = 
[[-0.074  0.     0.    ...  0.     0.     0.   ]
 [ 0.    -0.074  0.    ...  0.     0.     0.   ]
 [ 0.     0.    -0.074 ...  0.    -0.     0.   ]
 ...
 [ 0.     0.     0.    ...  0.556  0.     0.161]
 [ 0.     0.    -0.    ...  0.     0.558  0.   ]
 [ 0.     0.     0.    ...  0.161  0.     0.558]]
C_ab = 
[[ 1.     0.     0.    ...  0.     0.     0.   ]
 [ 0.     1.     0.    ...  0.     0.     0.   ]
 [ 0.     0.     1.    ...  0.     0.     0.   ]
 ...
 [ 0.     0.     0.    ... -0.443  0.    -0.66 ]
 [ 0.     0.    -0.    ...  0.     0.268  0.   ]
 [ 0.     0.     0.    ...  0.549  0.     0.268]]
C = 
[[ 1.     0.     0.    ...  0.     0.     0.   ]
 [ 0.     1.     0.    ...  0.     0.     0.   ]
 [ 0.     0.    -0.04  ...  0.     0.     0.   ]
 ...
 [ 0.     0.     0.    ... -0.252 -0.461  0.654]
 [ 0.     0.     0.    ...  0.269 -0.443 -0.66 ]
 [ 0.     0.     0.    ...  0.651  0.549  0.268]]
******************************************
h0_0 = 
[[-0.75   0.    -0.159 ...  0.     0.     0.   ]
 [ 0.    -0.75   0.    ...  0.     0.     0.   ]
 [-0.159  0.     0.035 ...  0.     0.     0.   ]
 ...
 [ 0.     0.     0.    ...  0.544  0.214  0.   ]
 [ 0.     0.     0.    ...  0.214  0.556  0.161]
 [ 0.     0.     0.    ...  0.     0.161  0.558]]
h0_legacy = 
[[-0.75   0.     0.057 ...  0.     0.     0.   ]
 [ 0.    -0.75   0.    ...  0.     0.     0.   ]
 [ 0.057  0.    -0.889 ...  0.     0.     0.   ]
 ...
 [ 0.     0.     0.    ...  0.444  0.     0.   ]
 [ 0.     0.     0.    ...  0.     0.667  0.   ]
 [ 0.     0.     0.    ...  0.     0.     0.889]]
Partitioning system: 2 impurity orbitals, 18 bath orbitals.
Generating basis for 2 electrons on impurity and 18 on bath.
Found 2 impurity configurations and 2 bath configurations.
Retaining only Sz=0 in starting basis
Generated a total of 4 unique starting determinants.
sb = [<SlaterDeterminant α=[0, 2, 3, 4, 5, 6, 12, 13, 14, 15] β=[0, 2, 3, 4, 5, 6, 12, 13, 14, 15]>, <SlaterDeterminant α=[1, 2, 3, 4, 5, 6, 12, 13, 14, 15] β=[1, 2, 3, 4, 5, 6, 12, 13, 14, 15]>, <SlaterDeterminant α=[0, 3, 4, 5, 6, 11, 12, 13, 14, 15] β=[0, 3, 4, 5, 6, 11, 12, 13, 14, 15]>, <SlaterDeterminant α=[1, 3, 4, 5, 6, 11, 12, 13, 14, 15] β=[1, 3, 4, 5, 6, 11, 12, 13, 14, 15]>]
DEBUG: build ham time = 0.013695001602172852
[init] dim=4  E0=-9.749006309786
blocks = [0.0], time block = 3.0279159545898438e-05
apply_ham time = 0.00010585784912109375
gen basis time = 0.0001862049102783203
sel basis time = 0.00015306472778320312
Found 1 S_z blocks: [0.0]
  Processing Sz=0.0 block of size 44x44
DEBUG: build ham time = 0.013081073760986328
DEBUG: finished rearranging vectors
DEBUG: for basis size 44, ham diag time = 0.014155864715576172
[iter 0] dim=    44  Es=[-10.012947371699 -10.012947371699]  |dE0|=2.639e-01
blocks = [0.0], time block = 4.792213439941406e-05
apply_ham time = 0.0003428459167480469
gen basis time = 0.000553131103515625
sel basis time = 0.0004248619079589844
Found 1 S_z blocks: [0.0]
  Processing Sz=0.0 block of size 178x178
DEBUG: build ham time = 0.01352071762084961
DEBUG: finished rearranging vectors
DEBUG: for basis size 178, ham diag time = 0.08558011054992676
[iter 1] dim=   178  Es=[-10.233611687793 -10.084543462566]  |dE0|=2.207e-01
blocks = [0.0], time block = 0.0001838207244873047
apply_ham time = 0.002080202102661133
gen basis time = 0.0028848648071289062
sel basis time = 0.0014641284942626953
Found 1 S_z blocks: [0.0]
  Processing Sz=0.0 block of size 534x534
DEBUG: build ham time = 0.01510000228881836
DEBUG: finished rearranging vectors
DEBUG: for basis size 534, ham diag time = 0.11029624938964844
[iter 2] dim=   534  Es=[-10.236402972495 -10.110990009069]  |dE0|=2.791e-03
blocks = [0.0], time block = 0.0005240440368652344
apply_ham time = 0.00663304328918457
gen basis time = 0.00908207893371582
sel basis time = 0.004314899444580078
Found 1 S_z blocks: [0.0]
  Processing Sz=0.0 block of size 1602x1602
DEBUG: build ham time = 0.018929243087768555
DEBUG: finished rearranging vectors
DEBUG: for basis size 1602, ham diag time = 0.20241475105285645
[iter 3] dim=  1602  Es=[-10.237148221467 -10.121376815484]  |dE0|=7.452e-04
blocks = [0.0], time block = 0.0015230178833007812
apply_ham time = 0.020817041397094727
gen basis time = 0.02771306037902832
sel basis time = 0.011163949966430664
Found 1 S_z blocks: [0.0]
  Processing Sz=0.0 block of size 4806x4806
DEBUG: build ham time = 0.030234813690185547
DEBUG: finished rearranging vectors
DEBUG: for basis size 4806, ham diag time = 0.5582330226898193
[iter 4] dim=  4806  Es=[-10.237312767153 -10.124949805707]  |dE0|=1.645e-04
blocks = [0.0], time block = 0.004488945007324219
apply_ham time = 0.0624539852142334
gen basis time = 0.08021712303161621
sel basis time = 0.026075124740600586
Found 1 S_z blocks: [0.0]
  Processing Sz=0.0 block of size 12676x12676
DEBUG: build ham time = 0.060137033462524414
DEBUG: finished rearranging vectors
DEBUG: for basis size 12676, ham diag time = 1.7077369689941406
[iter 5] dim= 12676  Es=[-10.237342727052 -10.125941525280]  |dE0|=2.996e-05
blocks = [0.0], time block = 0.012181997299194336
apply_ham time = 0.17013764381408691
gen basis time = 0.21997475624084473
sel basis time = 0.056133270263671875
Found 1 S_z blocks: [0.0]
  Processing Sz=0.0 block of size 27578x27578
DEBUG: build ham time = 0.11632299423217773
DEBUG: finished rearranging vectors
DEBUG: for basis size 27578, ham diag time = 4.051046133041382
[iter 6] dim= 27578  Es=[-10.237347450498 -10.126187486665]  |dE0|=4.723e-06
[conv] reached |dE| < 1e-05
Found 1 S_z blocks: [0.0]
  Processing Sz=0.0 block of size 27578x27578
DEBUG: build ham time = 0.12117791175842285
DEBUG: finished rearranging vectors
sci total time : 12.158222198486328
energies = [-10.237 -10.126], e0 = -10.237347450497664
len basis = 27578
len(basis(psis0)) = 27578
rdm : 
[[ 0.5  +0.j  0.   +0.j  0.446+0.j ...  0.   +0.j  0.   +0.j  0.   +0.j]
 [ 0.   +0.j  0.5  +0.j  0.   +0.j ...  0.   +0.j  0.   +0.j  0.   +0.j]
 [ 0.446+0.j  0.   +0.j  0.494+0.j ...  0.   +0.j  0.   +0.j  0.   +0.j]
 ...
 [ 0.   +0.j  0.   +0.j  0.   +0.j ...  0.001+0.j -0.001+0.j  0.   +0.j]
 [ 0.   +0.j  0.   +0.j  0.   +0.j ... -0.001+0.j  0.   +0.j -0.   +0.j]
 [ 0.   +0.j  0.   +0.j  0.   +0.j ...  0.   +0.j -0.   +0.j  0.   +0.j]]
impurity occupation: (2.000001541114732+0j)
total occupation : (20.000000000000018+0j)
target_indices = [0, 1, 20, 21]
 Founds blocks : [[0], [1], [2], [3]]
  Symmetry: is_diagonal=True. Found 1 unique group(s) of blocks.
  Computing representative g_(0,0) via Scalar CF...
DEBUG: build ham time = 0.18255090713500977
DEBUG: build ham time = 0.16947507858276367

Thermally-averaged calculation finished.
Data saved to 'dump/A_9'
