-5.00000 0.00027
-4.96667 0.00027
-4.93333 0.00027
-4.90000 0.00028
-4.86667 0.00028
-4.83333 0.00029
-4.80000 0.00029
-4.76667 0.00029
-4.73333 0.00030
-4.70000 0.00030
-4.66667 0.00031
-4.63333 0.00031
-4.60000 0.00032
-4.56667 0.00032
-4.53333 0.00033
-4.50000 0.00033
-4.46667 0.00034
-4.43333 0.00035
-4.40000 0.00035
-4.36667 0.00036
-4.33333 0.00036
-4.30000 0.00037
-4.26667 0.00038
-4.23333 0.00038
-4.20000 0.00039
-4.16667 0.00040
-4.13333 0.00040
-4.10000 0.00041
-4.06667 0.00042
-4.03333 0.00043
-4.00000 0.00043
-3.96667 0.00044
-3.93333 0.00045
-3.90000 0.00046
-3.86667 0.00047
-3.83333 0.00048
-3.80000 0.00049
-3.76667 0.00050
-3.73333 0.00051
-3.70000 0.00052
-3.66667 0.00053
-3.63333 0.00054
-3.60000 0.00055
-3.56667 0.00056
-3.53333 0.00057
-3.50000 0.00058
-3.46667 0.00060
-3.43333 0.00061
-3.40000 0.00062
-3.36667 0.00064
-3.33333 0.00065
-3.30000 0.00067
-3.26667 0.00069
-3.23333 0.00070
-3.20000 0.00072
-3.16667 0.00074
-3.13333 0.00076
-3.10000 0.00077
-3.06667 0.00079
-3.03333 0.00081
-3.00000 0.00084
-2.96667 0.00086
-2.93333 0.00088
-2.90000 0.00091
-2.86667 0.00093
-2.83333 0.00096
-2.80000 0.00099
-2.76667 0.00102
-2.73333 0.00105
-2.70000 0.00108
-2.66667 0.00111
-2.63333 0.00115
-2.60000 0.00118
-2.56667 0.00122
-2.53333 0.00126
-2.50000 0.00130
-2.46667 0.00135
-2.43333 0.00140
-2.40000 0.00145
-2.36667 0.00150
-2.33333 0.00155
-2.30000 0.00161
-2.26667 0.00168
-2.23333 0.00174
-2.20000 0.00181
-2.16667 0.00189
-2.13333 0.00197
-2.10000 0.00205
-2.06667 0.00215
-2.03333 0.00224
-2.00000 0.00235
-1.96667 0.00246
-1.93333 0.00258
-1.90000 0.00272
-1.86667 0.00286
-1.83333 0.00301
-1.80000 0.00318
-1.76667 0.00336
-1.73333 0.00356
-1.70000 0.00378
-1.66667 0.00402
-1.63333 0.00428
-1.60000 0.00457
-1.56667 0.00490
-1.53333 0.00526
-1.50000 0.00566
-1.46667 0.00612
-1.43333 0.00663
-1.40000 0.00722
-1.36667 0.00788
-1.33333 0.00865
-1.30000 0.00954
-1.26667 0.01058
-1.23333 0.01180
-1.20000 0.01326
-1.16667 0.01501
-1.13333 0.01713
-1.10000 0.01975
-1.06667 0.02302
-1.03333 0.02718
-1.00000 0.03257
-0.96667 0.03971
-0.93333 0.04938
-0.90000 0.06285
-0.86667 0.08210
-0.83333 0.11029
-0.80000 0.15185
-0.76667 0.21077
-0.73333 0.28153
-0.70000 0.33209
-0.66667 0.32044
-0.63333 0.25780
-0.60000 0.18936
-0.56667 0.13678
-0.53333 0.10059
-0.50000 0.07617
-0.46667 0.05947
-0.43333 0.04781
-0.40000 0.03947
-0.36667 0.03341
-0.33333 0.02895
-0.30000 0.02566
-0.26667 0.02326
-0.23333 0.02157
-0.20000 0.02048
-0.16667 0.01996
-0.13333 0.02000
-0.10000 0.02069
-0.06667 0.02215
-0.03333 0.02469
0.00000 0.02874
0.03333 0.03500
0.06667 0.04420
0.10000 0.05593
0.13333 0.06592
0.16667 0.06696
0.20000 0.05922
0.23333 0.05016
0.26667 0.04425
0.30000 0.04229
0.33333 0.04415
0.36667 0.05012
0.40000 0.06118
0.43333 0.07875
0.46667 0.10274
0.50000 0.12583
0.53333 0.13148
0.56667 0.11436
0.60000 0.08958
0.63333 0.06943
0.66667 0.05633
0.70000 0.04918
0.73333 0.04686
0.76667 0.04901
0.80000 0.05607
0.83333 0.06874
0.86667 0.08574
0.90000 0.09902
0.93333 0.09639
0.96667 0.07902
1.00000 0.05929
1.03333 0.04381
1.06667 0.03298
1.10000 0.02555
1.13333 0.02036
1.16667 0.01665
1.20000 0.01390
1.23333 0.01182
1.26667 0.01021
1.30000 0.00893
1.33333 0.00790
1.36667 0.00705
1.40000 0.00635
1.43333 0.00576
1.46667 0.00525
1.50000 0.00481
1.53333 0.00444
1.56667 0.00411
1.60000 0.00382
1.63333 0.00356
1.66667 0.00333
1.70000 0.00312
1.73333 0.00294
1.76667 0.00277
1.80000 0.00262
1.83333 0.00248
1.86667 0.00235
1.90000 0.00223
1.93333 0.00212
1.96667 0.00203
2.00000 0.00193
2.03333 0.00185
2.06667 0.00177
2.10000 0.00170
2.13333 0.00163
2.16667 0.00156
2.20000 0.00150
2.23333 0.00145
2.26667 0.00139
2.30000 0.00134
2.33333 0.00129
2.36667 0.00125
2.40000 0.00121
2.43333 0.00117
2.46667 0.00113
2.50000 0.00109
2.53333 0.00106
2.56667 0.00103
2.60000 0.00100
2.63333 0.00097
2.66667 0.00094
2.70000 0.00091
2.73333 0.00089
2.76667 0.00086
2.80000 0.00084
2.83333 0.00082
2.86667 0.00079
2.90000 0.00077
2.93333 0.00075
2.96667 0.00074
3.00000 0.00072
3.03333 0.00070
3.06667 0.00068
3.10000 0.00067
3.13333 0.00065
3.16667 0.00064
3.20000 0.00062
3.23333 0.00061
3.26667 0.00059
3.30000 0.00058
3.33333 0.00057
3.36667 0.00056
3.40000 0.00054
3.43333 0.00053
3.46667 0.00052
3.50000 0.00051
3.53333 0.00050
3.56667 0.00049
3.60000 0.00048
3.63333 0.00047
3.66667 0.00046
3.70000 0.00045
3.73333 0.00044
3.76667 0.00044
3.80000 0.00043
3.83333 0.00042
3.86667 0.00041
3.90000 0.00040
3.93333 0.00040
3.96667 0.00039
4.00000 0.00038
4.03333 0.00038
4.06667 0.00037
4.10000 0.00036
4.13333 0.00036
4.16667 0.00035
4.20000 0.00035
4.23333 0.00034
4.26667 0.00033
4.30000 0.00033
4.33333 0.00032
4.36667 0.00032
4.40000 0.00031
4.43333 0.00031
4.46667 0.00030
4.50000 0.00030
4.53333 0.00030
4.56667 0.00029
4.60000 0.00029
4.63333 0.00028
4.66667 0.00028
4.70000 0.00027
4.73333 0.00027
4.76667 0.00027
4.80000 0.00026
4.83333 0.00026
4.86667 0.00025
4.90000 0.00025
4.93333 0.00025
4.96667 0.00024
5.00000 0.00024
